10.8756
10.8326
10.686
10.4357
10.2077
9.990500000000001
9.78402
9.588279999999999
9.39387
9.161519999999999
8.891220000000001
8.582990000000001
8.223990000000001
7.83585
7.41859
6.97219
6.50818
6.06817
5.65215
5.26013
4.93137
4.64533
4.40202
4.20143
4.02193
3.87253
3.75323
3.66404
3.56333
3.45395
3.3359
3.20918
3.09432
3.00304
2.93535
2.89124
2.86169
2.9409
3.12886
3.42558
3.82821
4.32607
4.91916
5.60748
6.37931
7.11001
7.79958
8.44802
8.96114
9.35371
9.62574
9.77722
9.81883
9.758279999999999
9.59557
9.330679999999999
9.08827
8.870139999999999
8.67628
8.5067
8.34662
8.14312
7.8962
7.60586
7.2644
6.9063
6.53156
6.14016
5.73032
5.32907
4.93643
4.55239
4.22987
3.95306
3.72195
3.53656
3.36239
3.21071
3.08149
2.97475
2.86342
2.75016
2.63496
2.51781
2.41453
2.33213
2.27061
2.22997
2.19896
2.27401
2.45511
2.74225
3.13282
3.61604
4.19193
4.86048
5.6147
6.33021
7.00701
7.64512
8.148110000000001
8.53125
8.79454
8.93797
8.97231
8.91925
8.778790000000001
8.55095
8.36007
8.181609999999999
8.015560000000001
7.86193
7.70546
7.50792
7.26933
6.98967
6.64725
6.29109
5.92119
5.53757
5.16476
4.79924
4.441
4.09004
3.78458
3.53232
3.33326
3.1874
3.0457
2.90129
2.75418
2.60437
2.45538
2.32381
2.20965
2.11289
2.02584
1.94483
1.86985
1.80091
1.74487
1.7989
1.963
2.23718
2.60485
3.05964
3.60155
4.23056
4.95037
5.63002
6.26952
6.86885
7.33085
7.68833
7.94128
8.08971
8.139989999999999
8.09179
7.9451
7.69991
7.48719
7.31698
7.18929
7.10412
7.02865
6.89805
6.71231
6.47142
6.17574
5.87236
5.56129
5.24251
4.90598
4.55794
4.19838
3.82731
3.50958
3.23401
3.00062
2.80939
2.61325
2.43888
2.28629
2.15548
2.0402
1.92645
1.81423
1.70353
1.60553
1.53256
1.48463
1.46174
1.43719
1.49719
1.64173
1.87083
2.19848
2.61616
3.12387
3.72161
4.39703
5.04762
5.67337
6.2743
6.76419
7.15225
7.4385
7.62292
7.71406
7.71843
7.63603
7.46686
7.31344
7.16189
7.01221
6.86441
6.70925
6.52559
6.31342
6.07274
5.79704
5.4825
5.12911
4.73689
4.31969
3.93676
3.58809
3.27368
3.0147
2.77548
2.55602
2.35634
2.18024
2.04554
1.95225
1.90037
1.83067
1.74237
1.63549
1.51002
1.40161
1.3147
1.2493
1.20539
1.16517
1.21039
1.34106
1.55718
1.85952
2.25896
2.7555
3.34915
4.03546
4.70325
5.35252
5.98327
6.51373
6.9405
7.26357
7.48295
7.58776
7.59136
7.49377
7.29499
7.1062
6.92281
6.74483
6.57227
6.40851
6.22117
6.01025
5.77575
5.50428
5.21262
4.90078
4.56876
4.22113
3.87739
3.53753
3.20155
2.90185
2.64127
2.4198
2.23746
2.07745
1.93464
1.80903
1.70062
1.58992
1.48997
1.40078
1.32233
1.25179
1.17987
1.10656
1.03186
0.960902
0.980947
1.09199
1.29403
1.57404
1.94573
2.40912
2.9642
3.62027
4.26205
4.88955
5.50275
6.01441
6.43584
6.76703
7.00798
7.14497
7.1741
7.09538
6.9088
6.72964
6.57421
6.4425
6.33451
6.23893
6.08793
5.88152
5.61969
5.30632
4.99372
4.68188
4.37081
4.0442
3.70982
3.36767
3.01775
2.7279
2.48632
2.29301
2.14798
1.99893
1.86458
1.74494
1.64
1.54199
1.43726
1.3258
1.20761
1.09449
1.00716
0.945643
0.909923
0.881278
0.908328
0.991073
1.12951
1.33731
1.66656
2.11726
2.6894
3.36226
4.00626
4.6214
5.2077
5.71652
6.15792
6.5319
6.83847
7.02553
7.08033
7.00285
6.79311
6.58066
6.39034
6.22214
6.07607
5.94207
5.77616
5.57835
5.34863
5.09977
4.85355
4.60996
4.369
4.10586
3.81344
3.49175
3.14079
2.80454
2.52141
2.29142
2.11455
1.96904
1.82061
1.66927
1.51501
1.36492
1.25082
1.17273
1.13062
1.0861
1.0236
0.943146
0.844726
0.7626039999999999
0.765725
0.854089
1.0277
1.25471
1.58021
2.0042
2.52669
3.1632
3.78923
4.40479
5.00988
5.53556
5.96968
6.31224
6.56325
6.67763
6.68526
6.58614
6.38028
6.19218
6.02093
5.86654
5.729
5.62045
5.50011
5.36799
5.22406
5.03846
4.82906
4.59588
4.3389
4.05904
3.76294
3.45062
3.12207
2.81806
2.5486
2.31368
2.11331
1.92957
1.762
1.61059
1.47534
1.34959
1.23695
1.13742
1.051
0.967699
0.89293
0.826692
0.768985
0.720295
0.726052
0.786256
0.900907
1.0664
1.34987
1.75132
2.27075
2.90275
3.51707
4.11369
4.69264
5.20846
5.6672
6.06886
6.41344
6.63379
6.72805
6.69621
6.53828
6.38451
6.23775
6.09799
5.96524
5.83345
5.67365
5.48583
5.26998
5.02799
4.76407
4.47825
4.1705
3.83799
3.51977
3.21584
2.92619
2.67983
2.44255
2.21436
1.99526
1.78101
1.61357
1.49296
1.41916
1.35313
1.26185
1.14533
1.00356
0.870735
0.783273
0.7411720000000001
0.744432
0.751091
0.777239
0.822877
0.888006
1.00564
1.2649
1.6658
2.20833
2.85607
3.48363
4.09101
4.67821
5.22913
5.7195
6.14932
6.51858
6.73818
6.8307
6.79616
6.63455
6.47128
6.30669
6.14079
5.97356
5.82929
5.67192
5.50143
5.31784
5.09852
4.86215
4.60871
4.33821
4.0503
3.74019
3.40789
3.0534
2.71278
2.4155
2.16158
1.951
1.76512
1.5936
1.43643
1.29362
1.16995
1.07125
0.997524
0.9487640000000001
0.895496
0.854366
0.8253740000000001
0.80852
0.814138
0.987883
1.32975
1.83975
2.51205
3.34249
4.33107
5.47778
6.76599
8.09352
9.46039
10.8666
12.1664
13.2408
14.0897
14.7131
15.1152
15.3579
15.4412
15.3651
15.2318
15.1099
14.9995
14.9005
14.9321
14.9693
15.012
15.0603
15.0522
14.9536
14.7644
14.4848
14.0459
13.4662
12.7454
11.8838
11.0063
10.1367
9.275130000000001
8.421519999999999
7.61002
6.89021
6.26209
5.72567
5.2627
4.84918
4.48511
4.1705
3.88148
3.77571
3.85318
4.1139
4.50828
5.20229
6.19593
7.4892
9.1061
10.7461
12.4092
14.0954
15.647
16.9042
17.867
18.5353
18.7433
18.7001
18.4057
17.8602
17.3641
16.9347
16.5722
16.2765
16.2074
16.3158
16.6017
17.0651
17.4967
17.7965
17.9644
18.0004
17.8872
17.6339
17.2405
16.707
16.0826
15.3788
14.5957
13.7332
12.8914
12.0367
11.1688
10.288
9.384919999999999
8.565239999999999
7.82892
7.17597
6.59481
6.07906
5.62871
5.24376
4.958
5.02487
5.44435
6.21646
7.23562
8.48194
9.955399999999999
11.656
13.5902
15.4255
17.162
18.7996
20.085
20.9735
21.4651
21.5598
21.2776
20.8355
20.2335
19.4717
18.8823
18.4368
18.135
17.977
18.0074
18.1731
18.4743
18.9109
19.2657
19.4642
19.5064
19.3922
19.1504
18.8103
18.3718
17.835
17.2528
16.5787
15.8129
14.9552
14.0803
13.1875
12.2768
11.3482
10.3725
9.4574
8.60304
7.80936
7.12284
6.5885
6.20633
5.97633
5.89921
6.25946
7.05709
8.2921
9.856640000000001
11.5567
13.3923
15.3634
17.425
19.2814
20.9324
22.3781
23.334
23.8414
23.9002
23.5105
22.8662
22.1695
21.4203
20.6188
20.0606
19.7063
19.5559
19.6094
19.8256
20.1108
20.4648
20.8879
21.1777
21.2919
21.2304
20.9932
20.6197
20.1433
19.5639
18.8814
18.1897
17.4053
16.5283
15.5586
14.5387
13.5333
12.5423
11.5657
10.5703
9.633509999999999
8.75521
7.93545
7.25761
6.89874
6.85886
7.13796
7.67147
8.58695
9.88438
11.5638
13.5478
15.5493
17.5683
19.6047
21.4816
23.0047
24.1741
24.9898
25.3242
25.321
24.9802
24.3019
23.5731
22.8995
22.281
21.7177
21.4036
21.2892
21.3744
21.6591
21.9998
22.3017
22.5647
22.7889
22.8686
22.7879
22.5467
22.1449
21.6324
21.0259
20.3255
19.5312
18.7377
17.8523
16.8749
15.8055
14.6602
13.5455
12.4613
11.4076
10.3675
9.453659999999999
8.66615
8.004949999999999
7.56286
7.57763
8.04927
8.977779999999999
10.2568
11.7896
13.5763
15.6168
17.7985
19.8532
21.7809
23.5816
25.0176
26.0342
26.6314
26.8093
26.6645
26.3367
25.8258
25.1318
24.523
24.0285
23.6484
23.3827
23.286
23.3123
23.4618
23.7344
23.9904
24.1439
24.1948
24.1433
23.96
23.6632
23.2529
22.7292
22.1379
21.4302
20.6062
19.6659
18.6952
17.6721
16.5965
15.4686
14.2698
13.1026
11.967
10.863
9.83916
9.0649
8.5402
8.26505
8.261509999999999
8.73211
9.67686
11.0957
12.8865
14.823
16.9053
19.1334
21.3379
23.2931
24.9989
26.4552
27.4596
28.0625
28.2638
28.0636
27.688
27.2366
26.7095
26.1066
25.6539
25.3477
25.1879
25.1747
25.2575
25.394
25.5842
25.828
26.0259
26.1128
26.0888
25.9539
25.7117
25.3851
24.974
24.4785
23.9408
23.3754
22.7824
22.1617
21.5782
20.9368
20.2374
19.4802
18.6422
17.8389
17.0702
16.3361
15.6222
15.249
15.2164
15.5246
16.2685
17.3019
18.6247
20.237
22.0234
23.767
25.4677
27.1255
28.4199
29.3561
29.9341
30.1538
30.1617
30.0207
29.731
29.2925
28.9223
28.6372
28.4373
28.3226
28.2879
28.2965
28.3484
28.4436
28.5189
28.5314
28.481
28.3678
28.1749
27.9045
27.5568
27.1316
26.6658
26.1746
25.658
25.116
24.5916
24.0709
23.5538
23.0402
22.5279
21.9613
21.3402
20.6648
19.9198
19.4304
19.1968
19.2189
19.5108
20.0244
20.7598
21.7168
22.9513
24.2934
25.7431
27.3005
28.6402
29.7192
30.5376
31.0953
31.4404
31.6068
31.5947
31.404
31.2044
31.0195
30.8494
30.6941
30.5966
30.5425
30.5318
30.5647
30.607
30.6142
30.5862
30.523
30.401
30.2084
29.9453
29.6117
29.2218
28.7913
28.3202
27.8085
27.3009
26.8046
26.3195
25.8458
25.3951
24.8967
24.3506
23.7567
23.0994
22.5911
22.2317
22.0213
21.9527
22.1031
22.4727
23.0613
23.9398
24.9667
26.1419
27.4655
28.725
29.8544
30.8538
31.7232
32.3851
33.1642
33.4351
33.5218
33.2975
33.0732
32.8754
32.7573
32.6392
32.6121
32.6336
32.7219
32.7685
32.7957
32.8035
32.792
32.743
32.626
32.441
32.1879
31.8518
31.4479
30.976
30.4363
29.881
29.3292
28.7808
28.2359
27.7251
27.2107
26.6928
26.1714
25.6313
25.1608
24.7598
24.4282
24.1472
24.0771
24.2181
24.57
25.1705
25.9323
26.8553
27.9396
29.0971
30.2233
31.3182
32.3818
33.2536
33.9252
34.3964
34.6673
34.8252
34.8896
34.8604
34.7376
34.6258
34.5369
34.4711
34.4283
34.4171
34.418
34.431
34.4562
34.4741
34.4343
34.3368
34.1815
33.9565
33.664
33.3041
32.8767
32.4014
31.8928
31.3509
30.7757
30.2176
29.6779
29.1565
28.6533
28.1661
27.672
27.171
26.6631
26.1337
25.812
25.6979
25.7914
26.0915
26.5632
27.2066
28.0216
29.0311
30.1214
31.2928
32.5451
33.6491
34.5693
35.3058
35.8586
36.2625
36.5244
36.6443
36.6223
36.5717
36.5101
36.4373
36.3534
36.2939
36.2495
36.2203
36.2061
36.2002
36.1599
36.0852
35.9763
35.8156
35.5885
35.295
34.9352
34.5182
34.0594
33.5588
33.0163
32.4745
31.9441
31.4249
30.9171
30.4352
29.914
29.3536
28.7539
28.0996
27.6164
27.3042
27.1631
27.1824
27.3822
27.7628
28.3239
29.1308
30.0962
31.2201
32.5025
33.7177
34.795
35.7343
36.5357
37.179
37.6622
37.9854
38.1486
38.2391
38.2691
38.2387
38.1478
38.0672
38.0036
37.9572
37.9278
37.9173
37.8834
37.826
37.7452
37.6287
37.4543
37.2219
36.9315
36.5764
36.1655
35.6988
35.1764
34.6406
34.1078
33.578
33.0511
32.5496
32.0212
31.466
30.8839
30.2661
29.7334
29.2859
28.9235
28.63
28.5301
28.6237
28.9109
29.4439
30.1659
31.077
32.1772
33.3455
34.4875
35.6032
36.6926
37.631
38.3904
38.9711
39.3728
39.6523
39.819
39.873
39.8142
39.737
39.6561
39.5716
39.4833
39.4193
39.3559
39.2932
39.2312
39.1604
39.0444
38.8832
38.6768
38.4105
38.0837
37.6964
37.2486
36.7638
36.2572
35.729
35.1791
34.6439
34.1107
33.5796
33.0504
32.5238
32.0007
31.4809
30.9645
30.4362
30.0953
29.9418
29.9757
30.2098
30.6249
31.2211
31.9982
32.9556
34.0112
35.165
36.417
37.5679
38.5561
39.3819
40.045
40.5647
40.9409
41.1734
41.2624
41.2898
41.2693
41.201
41.0848
40.9823
40.8895
40.8066
40.7336
40.6706
40.5739
40.4436
40.2796
40.0682
39.8024
39.482
39.1071
38.6815
38.2155
37.7091
37.1623
36.6188
36.0838
35.5572
35.0391
34.5366
33.9868
33.3897
32.7452
32.0431
31.5095
31.1445
30.948
30.9148
31.0642
31.396
31.9103
32.67
33.6127
34.7385
36.0473
37.3129
38.4519
39.4643
40.3502
41.0903
41.6688
42.0856
42.3407
42.4964
42.5667
42.5514
42.4507
42.3477
42.2532
42.1671
42.0893
42.0359
41.9617
41.8667
41.7508
41.6004
41.3987
41.1457
40.8415
40.4755
40.0576
39.5879
39.0662
38.5378
38.0111
37.4861
36.9627
36.4576
35.9097
35.3189
34.6852
33.9988
33.4048
32.9034
32.4946
32.1698
32.0384
32.1003
32.3554
32.8651
33.5751
34.4855
35.5963
36.7622
37.9097
39.0387
40.1495
41.1326
41.9443
42.5844
43.053
43.4041
43.6426
43.7684
43.7814
43.7552
43.7035
43.6264
43.5238
43.4397
43.347
43.2456
43.1355
43.0121
42.8466
42.639
42.3895
42.0841
41.7259
41.3148
40.8508
40.3612
39.855
39.3323
38.7929
38.2657
37.7208
37.1583
36.5782
35.9774
35.4005
34.8474
34.318
33.8034
33.4736
33.3288
33.3689
33.6236
34.0677
34.7012
35.5242
36.4922
37.5436
38.6786
39.8971
41.0289
42.0065
42.8298
43.4988
44.0388
44.4446
44.7163
44.8538
44.9187
44.9245
44.8711
44.7585
44.6543
44.5489
44.4422
44.3343
44.2302
44.0925
43.9213
43.7165
43.4646
43.1623
42.8095
42.4061
41.962
41.4864
40.9794
40.4409
39.9084
39.3733
38.8356
38.2952
37.7557
37.1767
36.5582
35.9002
35.1934
34.6627
34.3082
34.1299
34.1364
34.3291
34.7082
35.2735
36.0655
37.0236
38.1479
39.4384
40.67
41.7775
42.761
43.6203
44.3541
44.9358
45.3655
45.6431
45.8292
45.9344
45.9588
45.9024
45.8304
45.7468
45.6515
45.5445
45.4523
45.3356
45.1943
45.0285
44.8273
44.5798
44.2861
43.9461
43.5558
43.1219
42.6443
42.123
41.5973
41.0685
40.5366
40.0016
39.4743
38.8852
38.2342
37.5213
36.7401
36.0813
35.5452
35.1316
34.8393
34.7472
34.8551
35.1631
35.7409
36.5279
37.5244
38.7301
39.9542
41.134
42.2695
43.3607
44.3287
45.129
45.7617
46.2266
46.5842
46.8329
46.9727
47.0037
46.9884
46.9399
46.858
46.7429
46.6391
46.5178
46.3792
46.2231
46.0512
45.8405
45.5908
45.3022
44.9617
44.5748
44.1413
43.6613
43.1634
42.6524
42.1281
41.5908
41.0633
40.4961
39.8893
39.2428
38.5514
37.9044
37.3019
36.7438
36.2255
35.9032
35.7766
35.846
36.1608
36.6793
37.4014
38.3271
39.3671
40.4675
41.6285
42.8499
43.9757
44.9458
45.7601
46.4186
46.9631
47.3805
47.6708
47.8339
47.9237
47.9512
47.9165
47.8196
47.7207
47.6048
47.4717
47.3216
47.1676
46.9814
46.7629
46.5122
46.2181
45.8773
45.4899
45.0559
44.5904
44.1007
43.5869
43.049
42.5152
41.963
41.3923
40.803
40.1984
39.5693
38.9157
38.2377
37.5277
37.004
36.6667
36.5156
36.5736
36.8276
37.2776
37.9236
38.7748
39.7727
40.9174
42.2089
43.4289
44.5208
45.4846
46.3204
47.041
47.6162
48.0459
48.3302
48.5275
48.6445
48.6813
48.6378
48.5707
48.4789
48.3623
48.2209
48.0852
47.9229
47.734
47.5186
47.2698
46.9793
46.647
46.2729
45.8583
45.409
44.9252
44.4067
43.8858
43.3519
42.8047
42.2445
41.6796
41.0411
40.3292
39.5437
38.6787
37.9688
37.414
37.0143
36.7803
36.7467
36.9134
37.2804
37.9165
38.7524
39.7883
41.0241
42.2252
43.3385
44.3639
45.3016
46.1169
46.7499
47.2005
47.4688
47.624
47.6563
47.5658
47.3524
47.0694
46.7274
46.3266
45.8669
45.4083
44.9381
44.4563
43.963
43.4678
42.8754
42.1858
41.399
40.5043
39.4367
38.1963
36.7831
35.2096
33.5869
31.9149
30.1935
28.5181
26.9605
25.5205
24.1982
23.0585
22.1598
21.502
21.0851
20.7984
20.7596
20.9688
21.426
22.0593
22.863
23.837
24.9812
26.2373
27.4576
28.6421
29.7908
30.7859
31.5599
32.1128
32.4445
32.5611
32.4622
32.148
31.6183
31.0208
30.3569
29.6266
28.8298
28.034
27.2096
26.3566
25.4749
24.5648
23.6702
22.7911
21.9274
21.0779
20.2918
19.5691
18.9097
18.3435
17.8719
17.495
17.2128
16.9814
16.7971
16.6597
16.5694
16.4769
16.3936
16.3195
16.2547
16.1975
16.1564
16.1315
16.1228
16.134
16.2469
16.4615
16.7778
17.1843
17.672
18.2408
18.8907
19.6133
20.317
21.0017
21.6675
22.2326
22.6637
22.9607
23.1236
23.1615
23.0838
22.8903
22.5812
22.2479
21.8765
21.4669
21.0192
20.5668
20.0917
19.5939
19.0734
18.521
17.9671
17.4117
16.8549
16.3106
15.8007
15.3251
14.8839
14.4949
14.1566
13.8691
13.6322
13.4155
13.2345
13.0891
12.9794
12.8835
12.8027
12.7368
12.6859
12.6515
12.6487
12.6773
12.7375
12.8136
12.9912
13.2701
13.6505
14.1312
14.6837
15.3081
16.0043
16.7575
17.4687
18.1381
18.7656
19.2658
19.6242
19.8407
19.9155
19.8767
19.7323
19.4822
19.1264
18.7637
18.383
17.9843
17.5675
17.1473
16.6993
16.2235
15.7201
15.1811
14.6489
14.1235
13.6047
13.1039
12.6381
12.2075
11.8119
11.4758
11.1887
10.9509
10.7623
10.5806
10.4273
10.3024
10.2059
10.1205
10.0405
9.965949999999999
9.896789999999999
9.843249999999999
9.829029999999999
9.854139999999999
9.918570000000001
10.001
10.1925
10.4933
10.9032
11.428
12.0299
12.7087
13.4645
14.2736
15.0198
15.7032
16.3238
16.7903
17.1006
17.2547
17.2526
17.1323
16.9198
16.6153
16.2186
15.8459
15.4736
15.1016
14.73
14.3609
13.9689
13.5542
13.1166
12.63
12.1386
11.6424
11.1412
10.6589
10.2127
9.80247
9.42834
9.115600000000001
8.85308
8.64077
8.478680000000001
8.32269
8.186809999999999
8.07105
7.97541
7.8826
7.79445
7.71094
7.63208
7.56903
7.54753
7.56757
7.62916
7.71829
7.92942
8.262549999999999
8.717689999999999
9.29302
9.92426
10.6114
11.3544
12.1277
12.8351
13.4768
14.0528
14.4685
14.7284
14.8323
14.7802
14.6366
14.4244
14.1435
13.7941
13.472
13.15
12.8282
12.5065
12.1807
11.8322
11.4611
11.0674
10.6281
10.1828
9.73137
9.273949999999999
8.837680000000001
8.4277
8.044
7.68659
7.37392
7.1055
6.88133
6.70142
6.52614
6.36544
6.2193
6.08773
5.96558
5.86259
5.77873
5.71402
5.66893
5.66339
5.69737
5.77089
5.87403
6.10985
6.47836
6.97955
7.60371
8.26914
8.97584
9.72381
10.4931
11.1872
11.806
12.3496
12.7149
12.9277
12.9882
12.8963
12.7337
12.5145
12.2386
11.906
11.6134
11.3268
11.0462
10.7717
10.4773
10.1469
9.780620000000001
9.378399999999999
8.92625
8.475619999999999
8.02652
7.57895
7.16682
6.79006
6.44867
6.14266
5.88804
5.67982
5.51801
5.4026
5.28212
5.15901
5.03326
4.90487
4.77392
4.6574
4.5553
4.46763
4.39938
4.37046
4.38087
4.4306
4.51723
4.74667
5.11892
5.63398
6.27486
6.94743
7.65171
8.38768
9.135439999999999
9.803570000000001
10.3921
10.901
11.2243
11.407
11.4488
11.35
11.2046
11.0076
10.7591
10.459
10.1989
9.94951
9.710979999999999
9.483269999999999
9.221579999999999
8.915010000000001
8.56357
8.167249999999999
7.73098
7.30276
6.88258
6.47045
6.09542
5.74884
5.43069
5.14097
4.89059
4.68077
4.51154
4.38288
4.24679
4.10932
3.97047
3.83022
3.69726
3.58095
3.48128
3.39825
3.33063
3.30275
3.31461
3.36621
3.45152
3.67881
4.04808
4.55933
5.20319
5.87223
6.56644
7.28584
8.00606
8.6511
9.22096
9.715630000000001
10.0268
10.2043
10.2479
10.1577
10.0412
9.884029999999999
9.68622
9.447760000000001
9.244680000000001
9.040900000000001
8.83643
8.631270000000001
8.37575
8.07709
7.73528
7.35034
6.93654
6.52524
6.11644
5.71013
5.34239
5.00628
4.70179
4.42893
4.18049
3.96762
3.79034
3.64864
3.51117
3.37294
3.23394
3.09418
2.9606
2.8456
2.74919
2.67137
2.60097
2.56476
2.56275
2.59494
2.66631
2.88118
3.23956
3.74144
4.37441
5.02806
5.70237
6.39735
7.08622
7.70407
8.2509
8.726699999999999
9.02717
9.195779999999999
9.23254
9.137449999999999
9.02093
8.874919999999999
8.699450000000001
8.494490000000001
8.32498
8.15081
7.97201
7.78855
7.55696
7.29028
6.98849
6.65162
6.28769
5.90781
5.51197
5.10019
4.71254
4.36956
4.07125
3.8176
3.59558
3.38972
3.20002
3.02649
2.85801
2.7152
2.59806
2.50657
2.42022
2.32943
2.2342
2.13453
2.04589
1.99983
1.99637
2.03548
2.09659
2.28587
2.60333
3.04896
3.63234
4.24818
4.89648
5.57724
6.2589
6.87974
7.43974
7.93892
8.27108
8.46654
8.52528
8.447319999999999
8.337949999999999
8.196109999999999
8.02181
7.81505
7.63756
7.46076
7.28466
7.10925
6.90422
6.65807
6.37078
6.04236
5.67386
5.30861
4.94663
4.5879
4.26101
3.94654
3.64448
3.35483
3.08912
2.87182
2.70293
2.58245
2.46704
2.3458
2.21873
2.08584
1.96654
1.86784
1.78974
1.73225
1.67086
1.62883
1.60615
1.60282
1.62973
1.79758
2.10637
2.55609
3.13975
3.74997
4.38676
5.05011
5.71679
6.32396
6.87162
7.35977
7.67772
7.86873
7.93282
7.86998
7.78758
7.66003
7.48732
7.26947
7.0693
6.89403
6.74366
6.61818
6.47433
6.26667
5.9952
5.65992
5.28642
4.93491
4.60538
4.29784
4.00508
3.70198
3.38854
3.06477
2.7761
2.55394
2.3983
2.30918
2.22636
2.12302
1.99914
1.85473
1.71491
1.60733
1.53201
1.48893
1.44669
1.40341
1.35909
1.31373
1.29417
1.42845
1.71657
2.15853
2.72665
3.31308
3.91782
4.54088
5.18411
5.78796
6.3524
6.87745
7.23507
7.45577
7.53955
7.48642
7.40423
7.285
7.12874
6.93543
6.76467
6.60147
6.44583
6.29775
6.12671
5.91086
5.65021
5.34475
5.00246
4.65206
4.29354
3.92691
3.56714
3.23859
2.94125
2.67511
2.46204
2.27574
2.11622
1.98346
1.84877
1.73655
1.6468
1.57952
1.51037
1.43019
1.33898
1.23674
1.14977
1.09678
1.07777
1.09275
1.11731
1.26782
1.54428
1.9467
2.48424
3.04591
3.63172
4.24166
4.85702
5.42985
5.96017
6.44798
6.77688
6.97462
7.04121
6.97663
6.89188
6.78714
6.66244
6.51775
6.40102
6.27916
6.15216
6.02003
5.85503
5.65118
5.40849
5.12696
4.80638
4.47499
4.13277
3.77973
3.44896
3.13899
2.84983
2.58148
2.3399
2.13696
1.97264
1.84697
1.73169
1.62058
1.51363
1.41084
1.31366
1.2314
1.16406
1.11162
1.06224
1.01826
0.979699
0.946545
0.925044
1.04191
1.29716
1.69077
2.21346
2.75682
3.32085
3.90555
4.50856
5.09138
5.65402
6.19648
6.59204
6.84235
6.94743
6.90727
6.83029
6.7207
6.57851
6.40373
6.23484
6.06817
5.90372
5.74148
5.57981
5.3761
5.13036
4.84259
4.50856
4.18763
3.87981
3.58511
3.30718
3.01955
2.72221
2.41516
2.14098
1.93484
1.79675
1.7267
1.66531
1.58257
1.47846
1.35299
1.23265
1.1429
1.08374
1.05516
1.02201
0.973942
0.910964
0.833073
0.770303
0.857002
1.09317
1.47881
1.98846
2.53099
3.10639
3.71467
4.36616
4.99504
5.60131
6.18497
6.61166
6.8934
7.03018
7.02199
6.95999
6.8359
6.64974
6.40151
6.15702
5.94318
5.76
5.60748
5.47362
5.29856
5.08229
4.82483
4.53443
4.25463
3.98545
3.72688
3.45201
3.15862
2.84671
2.51628
2.22719
1.99401
1.81673
1.69535
1.58631
1.47985
1.37595
1.27461
1.17807
1.09692
1.03116
0.980808
0.9312859999999999
0.880723
0.82912
0.7764760000000001
0.732572
0.8183
1.03366
1.37865
1.84267
2.34143
2.87494
3.4432
4.04808
4.62494
5.17378
5.6946
6.0665
6.31869
6.45117
6.46393
6.44125
6.36579
6.23754
6.05651
5.88735
5.74405
5.62663
5.53507
5.44019
5.28489
5.06919
4.79307
4.47388
4.16772
3.87461
3.59454
3.3135
3.01269
2.69211
2.35176
2.04873
1.81249
1.64305
1.5404
1.44843
1.34827
1.23993
1.12341
1.0175
0.937875
0.884538
0.857488
0.827247
0.789308
0.743669
0.6903319999999999
0.648162
0.731531
0.940441
1.27489
1.71921
2.20826
2.74205
3.32057
3.94834
4.55045
5.12689
5.67767
6.08842
6.38202
6.55847
6.61777
6.62505
6.567
6.44361
6.25488
6.07573
5.92279
5.79607
5.69557
5.5984
5.44414
5.2328
4.96438
4.6522
4.34355
4.03844
3.73687
3.42218
3.10715
2.79178
2.47605
2.2204
1.99872
1.81104
1.65734
1.49032
1.3532
1.24597
1.16863
1.10843
1.02922
0.9310079999999999
0.813791
0.703649
0.646358
0.641919
0.6903319999999999
0.748386
0.898964
1.14207
1.4777
1.94199
2.46121
3.03537
3.66445
4.3027
4.88372
5.40752
5.8741
6.20057
6.41288
6.51102
6.495
6.43854
6.34276
6.20765
6.03321
5.88582
