11.0888
10.5942
10.0764
9.53529
8.963570000000001
8.41667
7.8946
7.39737
6.98669
6.63802
6.35136
6.12671
5.93299
5.77249
5.64521
5.55116
5.43485
5.31291
5.18536
5.05219
4.93796
4.84259
4.76609
4.70845
4.66739
4.70415
4.81873
5.01113
5.26471
5.66228
6.20383
6.88938
7.71898
8.555730000000001
9.39963
10.2507
11.0476
11.7325
12.3052
12.7659
13.0317
13.1441
13.1032
12.9089
12.6982
12.455
12.1794
11.8713
11.5887
11.2969
10.9959
10.6857
10.3247
9.91517
9.4572
8.95073
8.411809999999999
7.88559
7.37205
6.87121
6.41781
6.0158
5.66519
5.36597
5.11586
4.90626
4.73716
4.60857
4.47533
4.34189
4.20823
4.07437
3.93634
3.81482
3.70982
3.62131
3.55792
3.53038
3.53871
3.58289
3.65849
3.8957
4.29451
4.85494
5.5563
6.29781
7.07949
7.90133
8.75257
9.540699999999999
10.2657
10.9276
11.3962
11.6845
11.7926
11.7204
11.5687
11.359
11.0914
10.7657
10.4746
10.2003
9.942780000000001
9.702030000000001
9.46503
9.17428
8.82977
8.431509999999999
7.958
7.48559
7.0143
6.54411
6.09279
5.66235
5.25278
4.86409
4.55378
4.30492
4.11751
3.99155
3.85068
3.71141
3.57373
3.43765
3.30115
3.17159
3.04896
2.93327
2.84144
2.77784
2.74246
2.73532
2.7399
2.86904
3.12276
3.50104
3.99655
4.5888
5.27782
6.06359
6.94175
7.76781
8.541790000000001
9.263680000000001
9.820639999999999
10.2423
10.5288
10.68
10.7164
10.6437
10.4619
10.171
9.915520000000001
9.68927
9.492290000000001
9.324579999999999
9.15645
8.93228
8.65207
8.31582
7.91784
7.50425
7.07505
6.63025
6.17595
5.72865
5.28836
4.85507
4.48442
4.16523
3.8975
3.68124
3.47032
3.28444
3.12359
2.98779
2.86051
2.73192
2.60201
2.47078
2.3494
2.25778
2.19591
2.1638
2.14174
2.1998
2.33796
2.55623
2.86447
3.30739
3.88502
4.59733
5.42444
6.22506
6.99917
7.7468
8.397869999999999
8.93679
9.36356
9.67817
9.835900000000001
9.86773
9.773680000000001
9.553739999999999
9.3492
9.14751
8.948650000000001
8.75264
8.57508
8.36659
8.12716
7.8568
7.5245
7.16092
6.76606
6.33992
5.89505
5.45233
5.01176
4.57334
4.18645
3.85408
3.57623
3.35289
3.15342
2.97475
2.81688
2.67983
2.54271
2.41412
2.29406
2.18253
2.07654
1.98201
1.89892
1.82727
1.77012
1.76089
1.79959
1.88622
2.01218
2.28629
2.70855
3.27896
3.99162
4.71733
5.45607
6.20786
6.93925
7.59386
8.17169
8.672739999999999
8.988189999999999
9.16873
9.214370000000001
9.1251
9.030150000000001
8.891780000000001
8.709989999999999
8.484780000000001
8.272539999999999
8.0646
7.86096
7.66162
7.41588
7.09517
6.69947
6.2288
5.72088
5.26589
4.86381
4.51466
4.2271
3.92816
3.61784
3.29616
2.99167
2.76646
2.62053
2.55387
2.47633
2.35572
2.19203
1.98527
1.8084
1.68127
1.60386
1.57619
1.53617
1.49511
1.45301
1.40986
1.39787
1.54324
1.84599
2.30612
2.90379
3.55237
4.25186
5.00225
5.79226
6.53225
7.22223
7.86221
8.325950000000001
8.641529999999999
8.808960000000001
8.828250000000001
8.786009999999999
8.67704
8.50136
8.25895
8.03942
7.83801
7.65469
7.48947
7.31427
7.0788
6.78305
6.42703
6.01594
5.6106
5.21103
4.8172
4.43393
4.0555
3.68193
3.31322
2.99965
2.74586
2.55186
2.41765
2.2824
2.14708
2.01169
1.87624
1.74639
1.6289
1.52375
1.43095
1.34585
1.27475
1.21767
1.1746
1.14457
1.21455
1.38455
1.65456
2.01787
2.47904
3.03807
3.69497
4.44343
5.17295
5.88353
6.57518
7.16092
7.63582
7.99989
8.253119999999999
8.390940000000001
8.422980000000001
8.34925
8.169750000000001
7.99496
7.82226
7.65164
7.48309
7.32156
7.12832
6.90339
6.64676
6.34879
6.02218
5.66692
5.28302
4.87311
4.45889
4.04038
3.61757
3.22916
2.90185
2.63565
2.43055
2.27387
2.12163
1.97382
1.83046
1.66982
1.54796
1.46487
1.42055
1.38829
1.32247
1.22308
1.09012
0.967561
0.933713
0.988577
1.13215
1.30839
1.59394
1.98881
2.49298
3.1521
3.83931
4.55461
5.298
5.99118
6.61451
7.16799
7.65164
7.98879
8.171340000000001
8.199299999999999
8.072649999999999
7.91825
7.75623
7.58658
7.4093
7.24401
7.05376
6.83854
6.59835
6.3413
6.06352
5.765
5.44574
5.08562
4.71081
4.32129
3.91706
3.5351
3.18803
2.87584
2.59854
2.36002
2.15062
1.97036
1.81922
1.67107
1.54283
1.43449
1.34605
1.2649
1.18549
1.10781
1.03186
0.967283
0.922685
0.8980629999999999
0.893416
0.8918199999999999
1.0209
1.28065
1.67107
2.19772
2.78345
3.42829
4.13221
4.88663
5.60769
6.29539
6.94972
7.44307
7.7803
7.96139
7.98636
7.93233
7.82379
7.66072
7.44314
7.2549
7.07686
6.90901
6.75135
6.59904
6.40359
6.16499
5.88325
5.53389
5.16719
4.78315
4.38177
3.98219
3.59163
3.21008
2.83755
2.52252
2.2668
2.07037
1.93325
1.80514
1.68328
1.56766
1.45828
1.34793
1.24853
1.1601
1.08263
1.01431
0.950776
0.892029
0.838067
0.791666
0.837512
0.975606
1.20595
1.51661
1.92486
2.43069
3.03412
3.7395
4.43663
5.12551
5.80613
6.39381
6.87724
7.25643
7.53137
7.68479
7.72599
7.65497
7.47172
7.28646
7.09926
6.91012
6.71903
6.53731
6.34422
6.13974
5.9239
5.68738
5.4164
5.11094
4.77101
4.39654
4.03185
3.67694
3.33181
3.01719
2.71638
2.42937
2.15617
1.91057
1.7147
1.56856
1.47215
1.38115
1.28169
1.17377
1.05738
0.94925
0.869209
0.817259
0.7934
0.775505
0.772869
0.785493
0.813375
0.870389
1.08457
1.45592
1.98444
2.65028
3.31773
3.98677
4.6574
5.32034
5.94325
6.52614
7.06902
7.44384
7.66079
7.71989
7.62112
7.50023
7.35485
7.18499
6.99064
6.80414
6.6168
6.42863
6.23962
6.03959
5.7926
5.49866
5.15776
4.77226
4.45063
4.05737
3.56374
2.90074
2.23774
2.30594
2.25452
2.2031
2.01495
1.81531
1.6941
1.59651
1.48359
1.35535
1.21177
1.08006
0.979421
0.9098540000000001
0.87136
0.836056
0.792221
0.739854
0.678957
0.625551
0.715024
0.947377
1.32261
1.82151
2.37326
2.97787
3.63532
4.35735
5.05483
5.72775
6.37612
6.86455
7.21252
7.42005
7.48712
7.48455
7.41429
7.27633
7.07068
6.88647
6.72562
6.58815
6.47406
6.36384
6.18961
5.95137
5.6491
5.28087
4.92631
4.58541
4.25817
3.94265
3.60259
3.23796
2.84879
2.50297
2.23031
2.03084
1.90453
1.77178
1.62647
1.46861
1.2982
1.1515
1.03512
0.9490420000000001
0.893277
0.837998
0.784799
0.7336819999999999
0.6846449999999999
0.643792
0.680067
0.793469
0.983999
1.24507
1.61482
2.09326
2.68039
3.3746
4.06778
4.75991
5.45101
6.07212
6.5851
6.98995
7.28667
7.43711
7.48836
7.44044
7.29333
7.15516
7.0032
6.83743
6.65786
6.50263
6.33797
6.16388
5.98036
5.74031
5.45517
5.12495
4.74965
4.35201
3.9713
3.60751
3.26064
2.96448
2.68607
2.42542
2.18253
1.94594
1.762
1.6307
1.55205
1.48678
1.38822
1.25637
1.09123
0.925737
0.821005
0.777031
0.793816
0.825028
0.9783809999999999
1.25388
1.65151
2.21797
3.01296
4.0365
5.28857
6.70807
8.186529999999999
9.72395
11.3203
12.8679
14.1484
15.1616
15.9077
16.3269
16.5577
16.6
16.4539
16.2278
15.9863
15.7296
15.4575
15.3884
15.4124
15.5292
15.7391
15.9034
15.9686
15.9346
15.8016
15.5048
15.0782
14.5217
13.8354
13.1294
12.3524
11.5043
10.5853
9.648759999999999
8.78698
7.99989
7.2875
6.6159
5.98043
5.38109
4.8179
4.34216
4.01083
3.82391
3.78139
3.79117
4.07305
4.62702
5.45309
6.5559
7.89481
9.46982
11.2809
13.2712
15.0913
16.7413
18.2211
19.3111
20.0076
20.3109
20.2208
19.778
19.2314
18.5811
17.827
17.3185
16.9948
16.8559
16.9019
17.1362
17.4831
17.9427
18.5151
18.9512
19.1603
19.1422
18.8971
18.4856
17.9839
17.3921
16.7101
16.0134
15.2573
14.4416
13.5664
12.7226
11.8854
11.0547
10.2307
9.337
8.501010000000001
7.72273
7.00216
6.38417
5.86383
5.44116
5.11614
4.91354
5.11392
5.71728
6.72361
8.00558
9.487299999999999
11.1688
13.05
15.1359
17.1038
18.9538
20.6858
22.0192
22.8641
23.2206
23.0885
22.5438
21.8572
21.0287
20.0583
19.2687
18.7018
18.3577
18.2364
18.4278
18.7802
19.2936
19.968
20.5327
20.9203
21.1308
21.1642
20.9785
20.6083
20.0535
19.3141
18.5419
17.7409
16.911
16.0523
15.232
14.3694
13.4642
12.5166
11.4921
10.5187
9.59647
8.72546
7.90168
7.16987
6.53003
5.98216
5.6072
5.66054
6.14217
7.0521
8.26214
9.718959999999999
11.4226
13.3729
15.5254
17.5864
19.556
21.4341
22.9655
24.0495
24.6862
24.8755
24.6707
24.2834
23.7136
22.9612
22.3196
21.7904
21.3733
21.0685
20.9764
21.0506
21.2909
21.6974
22.0587
22.2954
22.4076
22.3953
22.2572
21.9961
21.6119
21.1047
20.521
19.8677
19.1448
18.3522
17.5692
16.6987
15.7407
14.6951
13.5592
12.4607
11.3995
10.3758
9.382630000000001
8.49761
7.72072
7.05196
6.58843
6.54903
6.93377
7.74264
8.847939999999999
10.2494
11.9471
13.9409
16.1533
18.2884
20.3461
22.3265
24.0107
25.282
26.1404
26.5859
26.6187
26.4018
25.935
25.2184
24.5479
23.9633
23.4647
23.052
22.8419
22.8037
22.9374
23.2429
23.5575
23.7847
23.9246
23.977
23.9022
23.7016
23.375
22.9226
22.375
21.7344
21.0008
20.1742
19.351
18.4332
17.4209
16.3139
15.111
13.9332
12.7805
11.653
10.5484
9.56193
8.69369
7.94364
7.40985
7.27425
7.53685
8.19763
9.135579999999999
10.4062
12.0096
13.9457
16.1193
18.2555
20.3545
22.4161
24.2585
25.7364
26.8496
27.5984
27.927
27.9486
27.6633
27.071
26.4465
25.8649
25.3264
24.8309
24.5237
24.3758
24.3871
24.5577
24.7743
24.9492
25.0822
25.1734
25.1476
24.9979
24.7242
24.3266
23.834
23.2489
22.571
21.8005
21.0253
20.1365
19.1342
18.0183
16.7959
15.5731
14.3501
13.1269
11.9011
10.7849
9.77847
8.88165
8.20332
7.91617
8.020210000000001
8.51544
9.29552
10.4582
12.0034
13.9313
16.1295
18.3355
20.5492
22.7706
24.8269
26.5311
27.883
28.8828
29.4326
29.6287
29.471
28.9596
28.3572
27.746
27.1258
26.4968
26.0461
25.7726
25.6761
25.7569
25.9186
26.0676
26.204
26.3278
26.3569
26.2702
26.0678
25.7495
25.3167
24.7779
24.1332
23.3824
22.6193
21.7293
20.7126
19.5691
18.3198
17.0495
15.7583
14.4462
13.1045
11.8724
10.7499
9.73699
8.948029999999999
8.534929999999999
8.497680000000001
8.83629
9.46593
10.5254
12.0147
13.9338
16.1436
18.3864
20.6622
22.971
25.1609
27.0305
28.5797
29.8086
30.5782
30.9533
30.9339
30.5198
29.9688
29.3727
28.7316
28.0453
27.5155
27.15
26.9487
26.9119
26.9747
27.0614
27.1719
27.3064
27.3728
27.3327
27.1859
26.9325
26.5646
26.0952
25.5243
24.8517
24.1536
23.3172
22.3427
21.2301
20.0179
18.7575
17.4489
16.0921
14.6741
13.353
12.1288
11.0015
10.0836
9.502140000000001
9.257020000000001
9.3483
9.724640000000001
10.5735
11.895
13.6889
15.7974
17.9841
20.2492
22.5926
24.8873
26.9177
28.6838
30.1857
31.2359
31.8601
32.0584
31.8308
31.4134
30.9017
30.2958
29.5956
29.0168
28.5813
28.2891
28.1403
28.1091
28.1304
28.2042
28.3305
28.4138
28.3976
28.2818
28.0665
27.7297
27.2911
26.7509
26.1089
25.4304
24.6053
23.6337
22.5154
21.3072
20.0341
18.696
17.293
15.8052
14.3999
13.0771
11.8369
10.7892
10.0587
9.64564
9.549860000000001
9.74628
10.4428
11.6394
13.336
15.3654
17.5158
19.7871
22.1793
24.5677
26.7366
28.6859
30.4157
31.7182
32.5743
32.984
32.9475
32.6764
32.2689
31.725
31.0448
30.4439
29.9485
29.5585
29.2741
29.1141
29.034
29.0338
29.1135
29.1748
29.1594
29.0673
28.8983
28.6263
28.2597
27.7984
27.2424
26.6363
25.8819
24.9794
23.9286
22.788
21.5502
20.215
18.7825
17.2444
15.7722
14.3659
13.0254
11.849
10.9643
10.3714
10.0703
10.0686
10.5844
11.6176
13.1683
15.065
17.1255
19.3497
21.7377
24.1616
26.4072
28.4746
30.3637
31.8565
32.9065
33.5138
33.6784
33.5825
33.3172
32.8827
32.2789
31.7199
31.2377
30.8323
30.5037
30.2982
30.172
30.1252
30.1577
30.1784
30.1351
30.0279
29.8567
29.5897
29.2283
28.7726
28.2226
27.622
26.8885
26.0222
25.0229
23.9429
22.7477
21.4375
20.0123
18.4704
16.9787
15.5372
14.1457
12.8868
11.8875
11.1478
10.6677
10.4814
10.819
11.6804
13.0655
14.8078
16.76
18.9221
21.2942
23.7491
26.0698
28.2562
30.3085
31.9966
33.2408
34.041
34.3972
34.4566
34.3031
33.9368
33.3575
32.7825
32.2533
31.7701
31.3328
31.0212
30.8201
30.7294
30.7491
30.7952
30.7915
30.7378
30.6344
30.4393
30.152
29.7727
29.3013
28.7531
28.0615
27.2265
26.2482
25.2028
24.0334
22.7398
21.3222
19.781
18.2673
16.7813
15.3229
13.9587
12.8265
11.9265
11.2585
10.8795
11.0279
11.7035
12.9064
14.4854
16.3242
18.423
20.7816
23.2622
25.6614
27.9792
30.2156
32.1323
33.5977
34.6118
35.1746
35.4022
35.3758
35.0951
34.5604
33.9749
33.3971
32.8271
32.2647
31.8418
31.5466
31.3791
31.3395
31.3465
31.33
31.2899
31.2263
31.0806
30.8444
30.5176
30.1002
29.6038
28.9762
28.2173
27.327
26.3758
25.2768
24.0298
22.635
21.1009
19.5719
18.048
16.5291
15.0676
13.8102
12.757
11.9079
11.3499
11.3209
11.821
12.8501
14.264
15.9848
18.0125
20.3471
22.842
25.2858
27.6785
30.0203
32.0729
33.6869
34.8624
35.5994
35.9756
36.0648
35.8672
35.3825
34.8223
34.2471
33.657
33.0519
32.5815
32.2438
32.039
31.967
31.9541
31.9299
31.8946
31.8481
31.7297
31.5247
31.2331
30.8548
30.3916
29.8016
29.0849
28.2413
27.3412
26.2857
25.0748
23.7086
22.2017
20.6756
19.1302
17.5657
16.0238
14.6652
13.4899
12.4978
11.7877
11.6025
11.9424
12.8072
14.0756
15.6913
17.6542
19.9644
22.4613
24.9301
27.3707
29.7832
31.9245
33.6452
34.9452
35.8245
36.3394
36.5481
36.4504
36.0465
35.5511
35.0215
34.4576
33.8594
33.3765
33.0172
32.7814
32.6691
32.6222
32.5719
32.5182
32.4611
32.3435
32.1447
31.8648
31.5037
31.0532
30.4853
29.8
28.9972
28.1458
27.1336
25.9605
24.6266
23.1524
21.6437
20.1005
18.5227
16.9384
15.5195
14.2659
13.1776
12.367
12.0428
12.2051
12.8539
13.8834
15.3042
17.1161
19.3192
21.7417
24.1687
26.6003
29.0365
31.2683
33.1379
34.6452
35.7902
36.5626
36.9912
37.076
36.8169
36.4288
35.9715
35.4453
34.8499
34.3433
33.9444
33.653
33.4692
33.3641
33.2693
33.1848
33.1105
32.9865
32.7913
32.525
32.1875
31.7601
31.2229
30.5759
29.8191
29.021
28.057
26.9272
25.6316
24.1916
22.6961
21.1453
19.539
17.8972
16.3933
15.0274
13.7995
12.834
12.3496
12.3463
12.824
13.6939
14.9949
16.7271
18.8906
21.3118
23.7664
26.2545
28.7759
31.1122
33.0958
34.7266
36.0046
36.8907
37.4088
37.5589
37.341
36.9793
36.5375
36.0155
35.4133
34.8986
34.4918
34.1932
34.0026
33.8962
33.8059
33.7319
33.674
33.5687
33.3907
33.14
32.8167
32.4
31.8754
31.243
30.5027
29.7226
28.775
27.66
26.3774
24.9526
23.4627
21.9077
20.2875
18.6167
17.0631
15.6266
14.3072
13.2327
12.6056
12.426
12.6938
13.3319
14.4391
16.0151
18.0601
20.4062
22.8269
25.322
27.8916
30.3331
32.471
34.3052
35.8357
36.9641
37.6849
37.9981
37.9038
37.6285
37.2396
36.7369
36.1204
35.5657
35.1017
34.7284
34.4456
34.2589
34.1113
34.0027
33.9331
33.8354
33.6779
33.4605
33.1833
32.8174
32.3563
31.8002
31.149
30.4596
29.5976
28.563
27.3558
26.0076
24.5678
23.0363
21.4131
19.7045
18.0828
16.548
15.1
13.8733
13.0704
12.6913
12.7359
13.1552
14.0867
15.5304
17.4864
19.7824
22.1845
24.6927
27.3071
29.8251
32.0691
34.039
35.7349
37.0191
37.8711
38.2907
38.278
38.067
37.7246
37.2509
36.646
36.0874
35.608
35.2078
34.8866
34.6653
34.4969
34.3814
34.3189
34.2421
34.1075
33.915
33.6645
33.3234
32.8893
32.3622
31.742
31.0758
30.2358
29.222
28.0345
26.717
25.2991
23.7808
22.162
20.4451
18.8033
17.2366
15.7449
14.4558
13.5432
13.007
12.8472
13.0343
13.7573
15.0164
16.8115
18.9695
21.2689
23.7099
26.2923
28.8425
31.1863
33.3235
35.2542
36.7894
37.8667
38.4863
38.6481
38.5736
38.3332
37.9269
37.3548
36.7912
36.2746
35.8053
35.3831
35.0702
34.8296
34.6611
34.5648
34.4702
34.3314
34.1484
33.9213
33.6112
33.2155
32.7342
32.1673
31.552
30.7606
29.7932
28.6497
27.3761
25.9867
24.4815
22.8606
21.1265
19.4498
17.8305
16.2685
14.8915
13.8623
13.1811
12.8477
12.8479
13.3822
14.4506
16.0531
18.0193
20.1606
22.4769
24.9683
27.4717
29.7927
31.9312
33.8872
35.46
36.5704
37.2183
37.4037
37.3152
36.9926
36.4359
35.6451
34.8148
33.9902
33.1713
32.3581
31.6299
30.9283
30.2534
29.6051
28.9436
28.1238
27.1458
26.0095
24.6697
23.2409
21.7231
20.1163
18.479
16.9449
15.5141
14.1865
13.1074
12.2737
11.6854
11.3427
11.1308
11.0098
10.9796
11.0401
11.0576
11.0602
11.0478
11.0206
10.9813
11.0352
11.1822
11.4224
11.7959
12.3034
12.9449
13.7204
14.6018
15.4647
16.3093
17.1355
17.8382
18.3818
18.7664
18.992
19.0578
18.9825
18.766
18.4084
18.0339
17.6396
17.2257
16.7921
16.3742
15.9251
15.4446
14.9327
14.3709
13.8034
13.2302
12.6513
12.0695
11.516
10.9907
10.4936
10.0719
9.71341
9.41821
9.18628
8.97334
8.797169999999999
8.65776
8.555110000000001
8.458080000000001
8.37152
8.29543
8.229810000000001
8.186809999999999
8.16011
8.149699999999999
8.1556
8.16004
8.25229
8.43234
8.70021
9.051030000000001
9.525510000000001
10.1237
10.8455
11.6973
12.5603
13.4346
14.3201
15.1276
15.7915
16.3118
16.6886
16.8811
16.9165
16.7949
16.5163
16.1994
15.8553
15.484
15.0856
14.7254
14.344
13.9413
13.5173
13.0448
12.5519
12.0387
11.5052
10.9403
10.379
9.82147
9.267569999999999
8.77699
8.35487
8.00121
7.716
7.47102
7.25684
7.07346
6.92087
6.76398
6.62894
6.51574
6.4244
6.34976
6.28741
6.23733
6.19953
6.18344
6.25016
6.3997
6.63206
6.92108
7.33529
7.8747
8.539300000000001
9.33353
10.1489
10.9855
11.8432
12.6609
13.3654
13.9566
14.4345
14.7307
14.8705
14.8538
14.6808
14.4598
14.2002
13.9019
13.5651
13.2629
12.9366
12.5863
12.2119
11.788
11.3327
10.846
10.3279
9.7691
9.210279999999999
8.651450000000001
8.09262
7.59254
7.15988
6.79463
6.49681
6.24836
6.03446
5.85509
5.71027
5.55928
5.42146
5.29682
5.18536
5.07841
4.98089
4.89281
4.81415
4.75977
4.7441
4.76713
4.82886
4.90994
5.14021
5.51967
6.04833
6.72125
7.45091
8.237310000000001
9.080439999999999
9.96588
10.7922
11.5593
12.2672
12.7862
13.1262
13.2874
13.2697
13.1607
12.9745
12.7113
12.3708
12.0548
11.744
11.4384
11.1382
10.8331
10.4712
10.0524
9.57691
9.03036
8.500249999999999
7.98657
7.48934
7.02761
6.58357
6.15722
5.74856
5.40953
5.14291
4.94871
4.82691
4.69007
4.54885
4.40327
4.25331
4.11681
3.99738
3.895
3.80969
3.73867
3.68596
3.65155
3.63546
3.627
3.74526
3.99023
4.36193
4.85674
5.44941
6.13995
6.92836
7.81061
8.66005
9.47669
10.2605
10.8924
11.3685
11.6885
11.8527
11.8862
11.8141
11.6363
11.3529
11.0905
10.8272
10.5628
10.2976
10.0353
9.726789999999999
9.372019999999999
8.97099
8.49865
8.037000000000001
7.58602
7.14573
6.73811
6.32514
5.90684
5.48319
5.10352
4.79542
4.55891
4.39397
4.21863
4.03428
3.8409
3.63851
3.46512
3.31891
3.19989
3.10805
3.01581
2.93944
2.87896
2.83436
2.80426
2.85739
2.99375
3.21334
3.51797
3.9602
4.54004
5.2575
6.09626
6.91976
7.728
8.52098
9.22997
9.81897
10.288
10.637
10.8134
10.8587
10.7727
10.5554
10.3435
10.118
9.87876
9.62588
9.39533
9.14099
8.86286
8.56094
8.19389
7.79785
7.37281
6.91879
6.45477
5.99832
5.54943
5.1081
4.72045
4.38954
4.11536
3.89792
3.70108
3.52303
3.36378
3.22333
3.08413
2.94749
2.81342
2.68191
2.54992
2.43451
2.33567
2.25341
2.18953
2.17448
2.20826
2.29086
2.42098
2.70487
3.14253
3.73395
4.46208
5.19896
5.94457
6.69892
7.43156
8.09332
8.684189999999999
9.20417
9.54702
9.736499999999999
9.772640000000001
9.655419999999999
9.51282
9.34282
9.145429999999999
8.920629999999999
8.71762
8.510719999999999
8.299939999999999
8.08527
7.84293
7.55329
7.21634
6.83209
6.40255
5.98258
5.57218
5.17135
4.80576
4.45099
4.10704
3.7739
3.47122
3.23033
3.05125
2.93396
2.82361
2.69509
2.5484
2.38353
2.2249
2.10151
2.01336
1.96044
1.9114
1.86222
1.81291
1.76346
1.73897
1.87381
2.16796
2.62143
3.20523
3.8452
4.54136
5.2937
6.10624
6.87731
7.6069
8.29501
8.8073
9.158049999999999
9.34726
9.37494
9.31522
9.1774
8.96148
8.66747
8.397040000000001
8.16039
7.95751
7.78841
7.6388
7.43766
7.18499
6.88078
6.51574
6.14682
5.77401
5.39732
5.00655
4.60469
4.19172
3.76766
3.40352
3.10646
2.87646
2.71354
2.56074
2.41703
2.2824
2.15686
2.03743
1.9277
1.82768
1.73738
1.64964
1.5739
1.51016
1.45842
1.41971
1.48221
1.64589
1.91078
2.27325
2.74718
3.33257
4.02942
4.8283
5.59639
6.33367
7.04017
7.62771
8.103300000000001
8.466950000000001
8.71866
8.84455
8.86341
8.775259999999999
8.580080000000001
8.4107
8.243270000000001
8.077780000000001
7.91423
7.74562
7.53164
7.27231
6.96762
6.59876
6.21687
5.82194
5.41397
5.01682
4.61863
4.2194
3.81913
3.45811
3.15251
2.90234
2.70757
2.51711
2.33609
2.16449
2.00233
1.86146
1.73994
1.63778
1.55496
1.47534
1.40494
1.34376
1.29181
1.24396
1.24451
1.29348
1.39086
1.53859
1.83344
2.2754
2.86447
3.59461
4.32704
5.06176
5.79878
6.49375
7.11778
7.67085
8.15296
8.467370000000001
8.62988
8.64049
8.49921
8.344810000000001
8.170030000000001
7.97485
7.75928
7.55224
7.33765
7.11549
6.88577
6.63268
6.34213
6.01414
5.64868
5.25306
4.86229
4.47637
4.09531
3.7352
3.40505
3.10486
2.83464
2.60846
2.4119
2.24495
2.10762
1.96488
1.83205
1.70915
1.59616
1.48408
1.37664
1.27385
1.17571
1.09664
1.04413
1.01819
1.01882
1.03068
1.18812
1.49115
1.93977
2.53022
3.15709
3.82037
4.52007
5.24869
5.95053
6.62561
7.27391
7.76109
8.08784
8.254160000000001
8.260059999999999
8.21095
8.10927
7.95501
7.74818
7.54448
7.34694
7.15558
6.97039
6.79068
6.55965
6.27728
5.9436
5.55616
5.17073
4.78731
4.4059
4.02346
3.64184
3.26106
2.88111
2.5588
2.29621
2.09333
1.95017
1.81097
1.68196
1.56315
1.45453
1.35424
1.26261
1.17966
1.10538
1.03768
0.9781029999999999
0.926639
0.883289
0.841812
0.903195
1.06744
1.33454
1.70416
2.17205
2.73823
3.40269
4.16391
4.91243
5.64827
6.3714
6.98086
7.45889
7.80548
8.020630000000001
8.10857
8.09436
7.97797
7.75942
7.54815
7.34299
7.14393
6.95097
6.78187
6.58385
6.35691
6.10104
5.79121
5.47327
5.14721
4.81304
4.47193
4.10558
3.71398
3.29713
2.90781
2.59993
2.37347
2.22844
2.11899
1.99338
1.85161
1.69368
1.5379
1.42138
1.34411
1.3061
1.25346
1.17273
1.0639
0.926986
0.8137219999999999
0.7782790000000001
0.820658
0.9408570000000001
1.10177
1.38573
1.79273
2.32277
2.98931
3.67451
4.37837
5.10088
5.78789
6.39596
6.9251
7.37531
7.66426
7.81054
7.81415
7.67508
7.51118
7.33147
7.13595
6.92461
6.74088
6.5482
6.34657
6.136
5.89789
5.64119
5.3659
5.07203
4.75055
4.40798
4.04433
3.6596
3.29033
2.95845
2.66395
2.40683
2.17816
1.97036
1.78343
1.61739
1.4657
1.33614
1.2287
1.14339
1.05828
0.978866
0.905137
0.837096
0.7823020000000001
0.745819
0.727647
0.727786
0.738467
0.887104
1.1737
1.59824
2.15527
2.75127
3.38625
4.06022
4.7681
5.45357
6.11665
6.75732
7.24817
7.5768
7.74319
7.74735
7.68278
7.57305
7.41817
7.21814
7.02928
6.84416
6.66278
6.48515
6.32369
6.12317
5.8836
5.60499
5.26374
4.91798
4.56772
4.21295
3.86109
3.49369
3.11076
2.71229
2.3535
2.0712
1.86542
1.73613
1.62522
1.5026
1.36825
1.22218
1.08284
0.981294
0.917553
0.891612
0.8666430000000001
0.823016
0.760732
0.679789
0.6102919999999999
0.6553060000000001
0.814832
1.08887
1.44635
1.88719
2.41141
3.019
3.72958
4.43843
5.14555
5.85093
6.45151
6.91983
7.25587
7.45965
7.53123
7.51222
7.40264
7.20247
7.01645
6.83015
6.64357
6.45672
6.29705
6.12657
5.94526
5.75314
5.50858
5.24258
4.95516
4.6463
4.33044
3.98968
3.62402
3.23346
2.856
2.53626
2.27422
2.06989
1.89226
